1234567890- = 1234567890- = 1234567890- = 1234567890- =
1234567890- = 1234567890- = 1234567890- = 1234567890- =
4747 5858 6969 8596 7485 9674
8558 8558 6996 6996 9658 9658
4796 4796 5869 5869 7445 7445
8567 8567 7485 7485 8596 8596
4468 4468 8559 8559 6967 6967
4849 4849 9985 9985 4568 4568
474785 859699 968596 857644
9655766 897559 8877456 767698
749655 499554 45589 4565599
8484557 9655448 9697478 885779
966485 7496688 846685
1425 2536 3914 3914
2539 2539 5241 5241
6352 6352 1736 1736
3622 3622 1782 1782
2837 2837 3985 3985
1325 1325 1145 1145
0140 0140 0305 0305
1070 1070 5300 5300
4068 4068 3801 3801
7405 7405 1009 1009
4047 4047 6090 6090
2540 2540 8080 8080
9090 9090 3370 3370
210630 210630 200363 200363
930114 930114 363225 363225
272110 272110 272991 272991
2855200 2855200 0841162 0841162
995120 995120
115100 115100
8522711 8522711
123963 123963
009631 009631
761440 761440
761550 761550
265663 265663
663441 663441
552552 552552
636414 636414
474474 474474
696696 696696
456123 456123
321654 321654
147258 147258
258369 258369
741456 741456
654963 654963
9960 123 445
9660 8441 8552 942
6625 357 159 556
5595 6676 456 23
9955 5511 951
9915 1595 9155
7755 5533 753 5511
757 5533 3377 357
1245 6598 4758
1425 2536 7485 8596
1256 2345 1278 8956
153 426 759 846
155 166 144 488 499
756 423 156 489
102 103 104 105
201 301 401 501
707 808 909 404
505 606 101 202 303
1230 1420 1530 1708 1090
1001 2002 2003 2004 2005
1995 1993 1996 1997 1998 1999
74100 75100 76100
1456 1654 2456 2654 3456 3654
1899 1788 1987 1789
122 30 50 40 60
159 258 357 12 23
147 258 369
741 852 963
17 47 28 58 39 69
456+
56+9
789+
4+23
13+1
0+19
20+5
2+33
89+4
3.02
0.03
52.1
56.3
16.1 14.4 15.5 16.6
17.8 + 14.2
17.8 + 18.9
10.2 + 78.9
63.0 + 14.4
75.9 + 95.5
44.6 + 55.5
64.8 + 64.8
654.5 + 18.8
15+789+8
2000+642+20
0.976766
0.8989+98.1+3.0
8.456+2.84+7
6367+140
0.3669+0.95
27.2+5.4
101+8750
1000+1999
42.0+95.30
89+100.1
58/8 28/8
9*96
39*6
8/9*6
-9+6-6
9*9-6
5/25
9-96
2/24
936*
258/
59-1
74*8
08-8
25/4
9*8-4
-9-2
14-4
69.3*3+89-5
556/201-102
78/8-24.58
75025.60+6
5*10+5*6-80
8510-750+420
9*6*9.6-7
1*3.0+9*4.0
95+89-100
8/8-9.50-0.50
56*2+1.0*100
1-700+7989
+358 778 -5595
1.41*10*10*10
985*85-960.05
-77+8575.50
12+12+145
12.2+15+17-17.80
50/5 35/5
45/5 27/5 30/3 90/3
1999/06/03 1999-06-29
2001/24/12 1001-24-12
85*5 96*6
755-55 630+33 422*20
1.0*10 6.4*10 8.8*10
63.0/100 36.50/50
1450/23/7 1880/03/06
2022/01/01 2222/09/11
1323/15/10 1575/19/10
78*3 7.8-0.3 0.078/30
123-14+25*360.0
850.30 96.10 7.4
+358 456 -5545
03 65...
+358 333-1558
1 800 940-2774
375.35 951.34
470.23 966.29
3.1415926535
9.819 9.826
3.36 3.77 4.42
0.71 0.81 0.93
4.50 5.20 8.60
54.20 129.90
34.90
59.90
106.50
199.50
2007/01/01
2008/12/31
1998-05-07
2005-07-12
95+84
751+208
8490+65
4510*8
2490*14
362*420
548/69
273/15
3520/70
2466.40
981.52
12.704
34.2146
1145.99+200.90
2890.75/50.80
10850.00*750.99
75369.00-461.85
800,00*500
945,50*700
970-24...
803-88...
942/1351
57/31/1990
12+650
7511+2059
5.7+6.4
547-853-9922
1622
3594
6282
12724
22469
53193
249047
612113
723659
593522
924565
621572
8805
78091
2650418
332
75241
8671155
726
68844
39113
5020060
321
200611
3085
54316689
45
2210068733
5951089
905
543563
3274
68291171
4300
8527234
65572
901-77...
410451
942/1351
57/31/1990
12+650
7511+2059
5.7+6.4
547-853-9922
942/1351
57/31/1990
12+650
7511+2059
5.7+6.4
547-853-9922
901-77...
901-77...